0.19423 0.50407
0.2063 0.14099
0.40564 -0.29532
0.14622 -0.31806
0.10603 0.20047
0.23695 -0.027126
-0.31697 -0.036547
-0.12184 0.35532
0.35449 0.14424
-0.48743 0.037144
0.10089 0.23103
-0.19413 -0.023613
0.15735 0.49279
-0.23101 -0.42
-0.25244 0.2666
-0.12271 -0.075508
-0.039109 -0.33397
0.37671 0.3838
-0.20934 0.30098
-0.022735 -0.18651
-0.43427 0.21561
-0.038291 -0.1815
0.17539 -0.30995
-0.025978 -0.18431
-0.057344 -0.17812
0.24202 -0.0045006
-0.036656 -0.13067
0.48434 -0.14065
-0.18917 0.49863
0.22943 0.46579
0.13919 0.33732
-0.13383 -0.047249
0.48464 0.21226
-0.24854 0.4421
0.33601 -0.089882
0.091375 0.22061
-0.17803 0.079271
-0.31333 0.15327
0.20397 -0.0073705
0.47464 -0.16648
0.53633 -0.049036
0.12036 -0.28519
0.10217 0.20159
0.15113 0.1665
-0.44325 0.17971
-0.31816 0.13112
0.21455 0.06396
0.35602 0.090412
-0.060722 0.34522
-0.026776 -0.30104
-0.28419 -0.39132
-0.18785 0.046461
0.4414 0.30242
-0.39996 -0.27264
0.16584 0.14871
0.52277 -0.058416
0.29293 0.25392
0.12804 -0.14749
0.22783 0.48209
0.18245 0.33325
0.31839 0.44385
0.41472 0.34539
-0.17113 -0.44897
0.39462 0.33746
-0.071285 0.48956
-0.0089384 0.20859
0.2017 -0.43973
0.1307 0.16466
-0.034311 0.24215
0.39047 -0.33071
0.15939 -0.11538
0.41187 0.32297
0.49611 -0.18958
-0.38823 0.35803
0.19479 -0.042873
-0.1175 0.33755
0.36242 -0.025429
0.23745 0.31785
0.1033 -0.14399
-0.16622 0.50162
0.22962 -0.0011669
-0.14299 -0.092619
-0.11888 0.18039
0.063601 -0.45832
0.30796 0.26416
0.25658 0.31523
0.44607 -0.22143
-0.070058 -0.29574
-0.31982 0.36405
0.28297 0.28462
-0.16417 -0.035623
0.014951 0.24001
0.094033 0.36191
-0.47754 -0.065778
0.34803 -0.13688
0.16418 0.19945
0.15704 0.34422
-0.20396 0.30631
0.19778 -0.42659
0.15515 -0.12473
0.38557 0.026214
0.24192 0.044801
-0.045108 0.37928
-0.18601 -0.41431
0.25424 -0.22519
0.29533 0.27912
0.36405 -0.020522
0.30585 -0.19466
-0.0092261 0.53285
0.31687 -0.20534
-0.4487 -0.078263
0.19079 0.15911
-0.33946 0.014949
-0.14163 -0.45105
0.51483 0.093988
-0.064209 -0.14788
0.53393 -0.026931
0.16375 0.14489
0.3931 -0.3332
-0.0060665 0.54636
0.094133 0.39161
0.18228 -0.44758
-0.086878 0.18204
0.2381 0.32101
-0.15521 -0.25466
-0.30732 0.12143
0.34613 0.43057
0.18401 -0.47249
0.061415 -0.17039
0.16228 0.20741
-0.11698 0.17241
-0.17489 -0.42221
0.18355 0.52367
-0.39807 -0.20892
-0.021183 -0.17313
-0.059157 -0.44455
0.17208 0.1911
-0.061102 -0.13576
0.094809 0.18964
-0.30805 0.024203
-0.32113 0.067718
0.2562 -0.23782
-0.045749 -0.14237
0.38541 0.12702
0.14869 -0.27696
-0.35432 -0.31586
0.20923 -0.090935
0.29485 0.45103
-0.093132 0.33203
0.22952 -0.032702
-0.16005 0.13662
0.029832 0.36188
0.29462 -0.21327
-0.32711 0.37655
-0.29144 -0.12934
0.070181 0.20643
0.37106 0.38993
-0.028845 0.20913
-0.19127 -0.057499
-0.47095 0.11594
-0.1884 -0.25821
0.40655 -0.27883
-0.21541 -0.42268
-0.15082 -0.26209
0.3604 0.0055061
0.11301 0.36151
0.040754 0.22879
-0.28565 0.1954
0.041835 0.23087
0.22541 -0.0047345
0.28227 -0.20856
-0.26086 0.44916
-0.15043 -0.45646
0.061202 0.23202
-0.1792 0.0096525
-0.31764 0.1018
-0.084945 -0.13269
0.46329 -0.2437
-0.33387 -0.027287
0.22873 0.025729
0.036395 0.5059
-0.44805 -0.12859
0.37698 0.054322
-0.065677 -0.14331
-0.022903 -0.31663
0.1882 -0.10156
-0.083803 -0.3005
-0.13217 -0.09413
-0.496 0.083547
0.23085 0.068319
0.20922 0.15517
-0.085501 -0.16287
-0.16677 0.32383
0.041326 -0.18183
-0.020656 -0.17906
0.042218 0.35118
0.51369 0.1929
-0.18378 0.02888
-0.19701 0.046459
0.01256 0.3581
0.21502 -0.24031
-0.19813 -0.43268
-0.34364 -0.0053504
-0.095602 0.19724
0.16905 0.4878
-0.46806 -0.081697
-0.19922 0.2822
-0.36506 0.35178
-0.12334 0.33567
0.15728 0.16997
0.10884 -0.15128
-0.20716 0.26293
0.20791 0.035084
0.45657 -0.25321
-0.26777 -0.16297
0.15913 0.13589
-0.31321 -0.026518
-0.052087 -0.48589
0.11419 -0.30303
0.10639 -0.16206
0.51436 0.040956
-0.064707 -0.3368
0.088962 -0.33681
-0.24632 0.22632
0.36436 -0.025916
0.11805 0.21762
0.52006 0.1715
-0.31238 -0.073157
-0.29641 0.17202
0.11413 0.35155
-0.035764 -0.48262
0.043573 -0.32266
0.33689 -0.1609
-0.38826 -0.24029
0.36746 0.12441
-0.32125 -0.060954
0.34858 0.00097282
-0.48398 -0.024931
0.23642 0.10608
-0.1665 0.054828
-0.2465 -0.23748
-0.14589 0.10295
-0.18254 0.05304
0.03883 0.23397
0.37545 0.36613
-0.4032 -0.26374
-0.15541 0.14787
0.18442 -0.089642
0.35429 -0.11467
0.38427 -0.30655
0.20072 -0.036874
-0.30887 0.14893
0.074112 -0.48279
0.17007 0.3511
0.54679 0.055265
-0.15781 -0.030849
0.094749 -0.47209
0.43097 -0.26468
0.24654 0.27413
0.15652 -0.10477
0.52846 0.14826
0.12144 -0.45065
-0.29754 -0.11724
-0.099894 -0.31387
0.29839 -0.15323
-0.24789 -0.40567
0.010126 -0.15022
-0.11626 0.16767
0.53634 0.024373
-0.43904 0.24355
0.1538 -0.3235
-0.1761 -0.0052126
0.082152 0.20875
-0.11776 -0.27612
-0.11654 -0.12734
-0.45542 -0.07736
0.22028 -0.076253
0.35259 -0.0044219
0.18093 0.31892
0.1044 0.20368
0.12254 0.51443
0.22945 0.035267
0.23733 0.29992
0.38869 -0.313
-0.31562 0.16922
-0.3089 -0.063688
0.23245 0.3073
-0.027141 0.23403
-0.40621 0.24721
0.068068 -0.18881
0.16903 0.20683
-0.15138 -0.2907
0.079395 -0.16679
0.52076 -0.039038
0.050196 -0.30384
0.24945 0.012459
-0.33995 0.092871
-0.12247 -0.27901
-0.46427 -0.063612
0.20648 0.122
0.11883 0.52085
0.0078233 -0.48079
0.51643 -0.049235
0.0093619 -0.19047
0.14884 -0.11258
0.032102 0.20035
-0.0050991 -0.1775
0.18716 -0.082361
0.14229 -0.10516
-0.074059 -0.15503
0.025472 0.20062
0.10462 0.22732
-0.099326 -0.4641
0.24279 0.32003
0.42512 -0.27378
-0.28533 0.18179
-0.11038 0.1934
0.35486 -0.12399
0.51272 -0.0041456
0.13526 0.5025
0.19073 -0.10709
-0.13227 0.13628
-0.071395 -0.11381
0.14589 -0.29107
0.38231 -0.35904
-0.14584 -0.024803
0.16078 -0.10628
0.24519 0.49038
-0.3774 -0.29555
0.056909 -0.33768
0.30997 0.20741
0.24449 0.31343
0.10304 -0.17606
0.15405 0.37958
-0.13237 0.13318
-0.16165 0.031823
0.37216 -0.025145
0.31367 -0.17815
0.12911 -0.15019
-0.46561 0.11337
-0.25956 0.24745
0.14554 0.37666
0.50013 -0.064384
0.19049 0.51325
-0.16843 0.46893
0.12419 0.52756
-0.49497 0.050466
0.50987 -0.01376
-0.079426 -0.48728
0.32555 0.44283
-0.11109 -0.29793
-0.17824 0.075432
0.20941 0.29107
-0.20887 0.48147
0.16389 0.33023
0.26798 -0.21116
-0.048132 0.19652
-0.40935 -0.21428
-0.46059 0.21322
0.083691 0.36846
0.29526 -0.39389
-0.26955 0.21729
0.43116 -0.23704
-0.43946 0.1801
-0.17402 0.074925
-0.2831 -0.15231
0.12309 -0.16491
0.33398 -0.17157
0.088219 0.3583
0.043284 0.51488
-0.13339 -0.46591
0.29188 0.40832
0.034861 -0.19702
-0.27575 -0.17514
-0.15123 -0.089514
-0.14356 -0.071961
-0.13097 0.14213
0.23365 0.32262
0.3429 0.41583
-0.11099 0.17333
-0.19218 0.00938
0.34049 0.43152
-0.22732 -0.41772
0.12819 0.20636
0.21229 -0.45123
-0.28752 -0.081778
-0.16045 0.012865
0.3438 0.4333
0.39444 0.37409
0.034871 0.20556
-0.17044 -0.26756
-0.042033 -0.45529
0.35576 0.41881
0.1891 -0.087605
-0.25985 -0.18695
-0.17501 0.090948
-0.14552 -0.094107
0.36132 0.17085
0.29622 -0.17303
-0.42155 -0.16649
-0.13691 0.30209
0.069133 -0.3444
-0.25128 -0.15528
-0.040967 -0.29871
0.28016 0.2527
0.14462 -0.32383
-0.28571 0.38704
0.18777 -0.032061
-0.36125 0.33817
-0.096118 -0.31389
-0.36031 0.30935
-0.18206 -0.40302
-0.47682 0.034383
-0.27226 0.40379
-0.042682 -0.16146
0.36876 -0.010888
0.10003 0.3904
0.21972 -0.4256
-0.1681 -0.27966
0.19929 -0.43505
0.10065 0.49991
-0.01392 -0.32799
-0.34705 0.074254
0.22747 0.0022452
-0.11831 0.15364
-0.11932 -0.29648
0.21415 0.46194
-0.075325 -0.17061
-0.32199 0.039053
-0.49896 0.015736
-0.41323 0.28379
0.061989 -0.15474
0.086569 0.54214
0.23488 -0.45796
-0.36313 -0.30684
-0.19225 -0.4337
0.30676 0.24506
-0.072012 0.51168
0.12681 0.20674
-0.46377 0.16851
-0.1988 0.0012734
0.0070997 0.35676
-0.34216 0.075838
0.14691 0.21585
-0.024801 -0.19242
0.048363 0.23271
0.17668 0.18688
0.36104 -0.052686
-0.44381 0.23762
-0.17201 0.12115
