0.53293 -0.0093546
-0.33415 0.36519
-0.048895 0.23009
0.031427 0.2456
-0.46058 0.04685
0.11638 0.50674
-0.19025 0.04068
0.23906 -0.033994
0.48181 -0.18988
0.098682 -0.47862
0.23701 0.034894
0.26039 -0.41307
0.19287 0.13373
-0.11622 0.17586
0.13236 0.51555
0.10709 0.18549
0.14749 0.1618
0.13099 0.19157
-0.13489 -0.084893
-0.38328 -0.28179
0.19195 -0.055984
0.22641 0.043013
0.065727 0.23958
0.19684 0.12053
-0.33152 -0.2912
-0.010866 0.24617
-0.020652 0.22731
0.067404 0.23909
0.21037 -0.018518
0.53306 -0.10708
0.038375 0.23584
-0.19975 0.040176
-0.12527 0.18644
0.19349 0.1285
-0.056005 -0.44387
0.2697 -0.39115
0.17532 0.1566
0.19584 0.089872
-0.42001 0.25666
-0.14667 -0.094553
0.14128 0.16524
0.17265 0.18743
-0.13471 0.1275
0.069878 0.19361
-0.16215 -0.012124
0.20557 -0.020114
-0.0022221 -0.45428
-0.15049 0.08135
-0.46625 0.068907
-0.049542 0.20556
0.51372 0.072042
-0.19121 -0.02593
0.015865 -0.18061
0.18241 0.16015
0.53345 0.1392
-0.38792 0.35287
0.2078 0.47793
-0.34981 -0.30757
0.032625 -0.16408
0.16927 -0.093205
0.16142 -0.1114
-0.14722 -0.090729
0.11943 -0.15529
0.50148 -0.054359
0.13528 0.53368
-0.15224 -0.031095
-0.08459 0.22492
0.51069 -0.12633
-0.045545 0.49627
-0.14853 0.076618
0.01175 -0.49896
0.52378 0.15067
0.12033 -0.13011
0.41626 -0.30753
-0.11151 -0.12359
0.057887 -0.47172
0.22103 0.058478
0.19905 -0.041144
-0.11973 -0.12231
-0.087392 -0.14804
0.48324 -0.13684
-0.1119 0.17697
-0.036499 0.5018
-0.062735 -0.44826
-0.49452 -0.012705
0.4996 0.0837
-0.11066 0.17077
-0.22983 0.43645
0.21604 -0.43697
-0.41628 -0.16172
-0.10474 -0.14591
-0.050954 -0.18524
0.097904 0.20199
-0.18788 0.0028247
0.43822 0.26541
0.04396 0.2107
-0.44071 -0.077446
0.056531 -0.15679
0.10857 -0.4783
-0.032308 0.49736
0.08514 0.50106
-0.064372 0.21913
-0.17922 -0.037656
0.40171 -0.29965
0.13149 0.22428
0.1486 0.17136
-0.066506 0.50765
-0.32749 -0.30585
0.2079 0.48551
-0.46614 0.12249
0.29318 0.41803
0.42649 -0.24969
-0.44107 0.20699
0.33243 -0.34959
0.037962 -0.16941
0.040559 -0.16361
-0.48327 -0.047429
-0.094836 0.1637
0.17795 -0.1235
0.18923 -0.076439
0.060224 -0.16592
-0.19066 0.048087
-0.12693 -0.10808
0.15912 -0.15288
-0.042404 -0.16599
0.19411 -0.12144
-0.16841 0.086416
-0.12369 -0.087932
-0.36331 -0.23411
0.42678 -0.31129
-0.038752 -0.48505
-0.33223 0.39181
0.15572 -0.12288
-0.040683 0.2136
-0.088513 -0.45541
0.19758 0.13719
-0.11217 -0.12997
0.12872 0.20382
-0.14342 0.10729
0.15158 -0.13149
0.097411 -0.4531
0.25596 0.43201
-0.055232 -0.1783
-0.41581 0.23933
-0.39885 -0.26992
-0.18367 0.015527
-0.46752 -0.036993
0.46913 -0.2406
-0.070146 -0.16183
-0.10836 -0.11866
0.21965 -0.030082
0.32247 -0.36137
0.15279 0.14555
0.47071 0.27619
-0.26432 -0.39576
0.34505 0.41943
-0.12912 0.13493
-0.17116 0.46882
-0.14116 0.093928
-0.33259 -0.32721
0.04788 0.24492
-0.40593 0.24938
-0.14105 0.1187
-0.24274 -0.3916
-0.09931 -0.10754
0.43908 0.32436
0.15885 0.51285
-0.38135 0.30385
0.4794 0.23428
0.061616 0.2419
-0.15241 -0.077588
-0.1819 -0.4199
0.10201 -0.17009
0.32235 -0.37978
-0.3498 0.31982
0.068931 -0.19521
0.17012 -0.073408
-0.47505 0.046494
-0.45667 0.22191
-0.1193 -0.063317
-0.36309 -0.25181
0.11132 -0.45833
0.50879 0.075582
0.0038771 0.23734
0.21606 0.067875
0.068329 0.2051
-0.011518 0.50589
-0.3471 0.39331
-0.42872 0.2594
0.40724 0.29703
0.36573 0.37636
-0.017366 -0.17928
-0.30273 -0.35437
-0.023686 -0.14641
0.34161 -0.37878
-0.047193 0.19809
-0.2986 0.40044
0.25241 0.46963
-0.24702 -0.39118
-0.18582 -0.0017672
0.13546 -0.14772
-0.13709 0.1403
0.48922 -0.11933
0.11625 -0.47408
-0.018313 0.20736
-0.24866 0.41283
-0.47717 -0.023713
-0.019641 -0.1875
-0.46463 -0.076328
-0.43968 0.15863
-0.033989 0.19648
-0.031438 0.21744
-0.44937 0.20526
-0.019596 0.22176
0.12618 0.22187
0.21194 0.089638
-0.34982 0.38537
0.45241 -0.20378
0.54807 0.054091
0.31578 0.44415
-0.13751 0.098248
0.11134 -0.14159
-0.43534 -0.10669
-0.18024 -0.054851
0.072188 -0.16985
0.39753 -0.29544
-0.18372 0.022827
-0.014212 -0.16777
-0.16069 0.063802
0.40404 -0.29494
-0.43855 0.14617
0.3907 0.37478
-0.47386 0.17638
0.12551 -0.46588
-0.019153 -0.4855
-0.17999 0.051053
-0.29398 -0.34916
0.38562 0.36074
-0.39067 0.33596
-0.07734 -0.16506
0.15288 0.19916
-0.058055 -0.17793
0.22154 0.07911
0.51641 -0.14289
-0.48368 0.0040398
-0.11538 -0.10629
-0.23702 -0.3881
-0.44218 -0.076809
0.49066 0.16778
-0.18869 0.080407
-0.29997 -0.38968
0.28856 0.43931
0.23294 0.48595
0.20492 0.032222
0.086046 0.22823
-0.37121 0.29193
0.35071 0.39511
-0.15071 0.091626
0.11087 0.17459
-0.041444 0.226
0.29317 0.41955
-0.12011 0.50616
0.49746 0.23718
0.1734 -0.46452
-0.086188 0.17385
-0.1809 -0.011925
-0.16424 -0.056834
0.38072 0.3622
0.4806 -0.109
-0.35127 -0.33501
0.17671 0.13654
-0.47798 0.056169
0.14377 -0.13179
0.33152 -0.3452
0.42919 -0.31884
-0.16394 0.021517
0.50814 -0.15273
0.45226 0.24085
-0.462 0.12505
-0.084557 -0.45993
0.19625 0.15869
0.20325 -0.11668
0.50524 0.21989
0.22614 -0.027001
0.15138 -0.13047
0.024018 -0.19109
-0.21114 0.47106
-0.099999 0.51826
0.38683 0.35727
0.22306 -0.098182
0.18423 -0.087823
-0.19131 0.45182
-0.060348 0.53396
-0.14708 0.47047
0.1434 -0.14423
0.14297 0.18633
0.20113 0.10284
0.28924 -0.39187
0.21874 -0.044
-0.14937 -0.04795
-0.17085 0.05643
-0.41229 -0.2542
0.076524 -0.16809
-0.42023 0.25986
0.022595 0.52195
-0.077361 -0.12423
0.0011671 -0.17314
0.27972 -0.38721
-0.1624 0.01043
0.15543 0.17459
-0.33702 -0.32274
0.24715 0.029071
0.054478 0.53956
-0.40933 -0.21078
0.22508 0.059133
-0.098392 0.17315
-0.044265 0.50959
0.0008185 -0.19939
0.52585 -0.14826
0.49417 0.21872
-0.064057 -0.44321
-0.45427 0.1314
0.23314 0.46808
0.3467 0.41005
0.21113 -0.013014
-0.30174 -0.34718
0.21527 0.14372
0.10487 -0.18696
0.23213 -0.01446
0.031817 -0.16072
0.12231 0.22492
-0.47778 -0.071739
0.17491 -0.10066
0.030578 0.22844
0.17898 0.5054
0.30831 0.45828
0.24244 -0.011761
0.22082 -0.012341
0.20215 0.50822
-0.46703 0.14349
0.28043 0.43331
-0.18892 0.031519
0.51427 0.014285
-0.069872 -0.47941
-0.1689 -0.04123
-0.22218 0.43796
-0.13457 -0.46574
0.50761 0.079923
-0.18805 -0.027481
0.080041 0.52362
0.35961 0.41932
0.43507 0.3306
-0.10407 0.18674
-0.094608 0.17218
-0.06828 0.17951
-0.13963 0.11981
-0.48672 0.029264
0.50921 -0.10299
-0.072564 0.51971
-0.45129 0.03135
0.11267 0.18544
-0.15915 -0.42298
0.0065646 -0.16425
0.36859 -0.2912
-0.42901 -0.1761
0.11559 0.51885
0.20912 0.0234
-0.14075 0.48622
0.12188 0.18883
-0.020731 0.23614
-0.12965 0.092181
0.51169 -0.061391
-0.19283 0.083655
-0.0030329 0.21533
-0.054322 0.17872
-0.17036 0.45572
-0.13085 -0.45315
0.084651 -0.44869
0.31102 -0.36509
-0.15126 0.11961
0.14784 0.49897
-0.16517 0.032497
0.14585 0.18874
0.43812 0.28599
-0.15594 -0.078873
-0.46597 0.10997
-0.17886 0.097529
-0.10343 0.5075
-0.15107 -0.0031436
0.20565 0.15495
0.017236 0.50578
-0.080531 0.53108
0.20943 0.13496
0.23228 0.0082727
-0.44058 -0.11547
0.37115 -0.32538
-0.49053 -0.081178
-0.42458 0.24466
0.0018251 -0.17913
0.0012323 0.21216
